Sample data file lininput_xeon64.

Current date/time: Sun Mar 15 16:12:07 2020

CPU frequency:    4.189 GHz
Number of CPUs: 1
Number of cores: 4
Number of threads: 4

Parameters are set to:

Number of tests: 15

Number of equations to solve (problem size) : 1000  2000  5000  10000 15000 18000 20000 22000 25000 26000 27000 30000 35000 40000 45000
Leading dimension of array                  : 1000  2000  5008  10000 15000 18008 20016 22008 25000 26000 27000 30000 35000 40000 45000
Number of trials to run                     : 4     2     2     2     2     2     2     2     2     2     1     1     1     1     1    
Data alignment value (in Kbytes)            : 4     4     4     4     4     4     4     4     4     4     4     1     1     1     1    
Maximum memory requested that can be used=16200901024, at the size=45000

=================== Timing linear equation system solver ===================

Size   LDA    Align. Time(s)    GFlops   Residual     Residual(norm) Check
1000   1000   4      0.006      119.6269 1.502479e-12 5.123838e-02   pass
1000   1000   4      0.005      128.3183 1.502479e-12 5.123838e-02   pass
1000   1000   4      0.006      115.5104 1.502479e-12 5.123838e-02   pass
1000   1000   4      0.006      119.5478 1.502479e-12 5.123838e-02   pass
2000   2000   4      0.053      100.6893 5.141276e-12 4.472280e-02   pass
2000   2000   4      0.040      133.9983 5.141276e-12 4.472280e-02   pass
5000   5008   4      0.489      170.5858 2.567213e-11 3.579772e-02   pass
5000   5008   4      0.494      168.8168 2.567213e-11 3.579772e-02   pass
10000  10000  4      3.616      184.4212 1.034086e-10 3.646293e-02   pass
10000  10000  4      3.467      192.3741 1.034086e-10 3.646293e-02   pass
15000  15000  4      12.667     177.6692 2.206862e-10 3.475844e-02   pass
15000  15000  4      11.861     189.7292 2.206862e-10 3.475844e-02   pass
18000  18008  4      21.113     184.1811 2.839891e-10 3.110030e-02   pass
18000  18008  4      20.268     191.8626 2.839891e-10 3.110030e-02   pass
20000  20016  4      28.267     188.7082 3.839458e-10 3.398761e-02   pass
20000  20016  4      27.209     196.0465 3.839458e-10 3.398761e-02   pass
22000  22008  4      35.897     197.7779 4.191068e-10 3.069793e-02   pass
22000  22008  4      36.094     196.6958 4.191068e-10 3.069793e-02   pass
25000  25000  4      54.236     192.0848 5.526876e-10 3.142937e-02   pass
25000  25000  4      52.977     196.6507 5.526876e-10 3.142937e-02   pass
26000  26000  4      59.230     197.8494 6.643859e-10 3.493541e-02   pass
26000  26000  4      62.124     188.6344 6.643859e-10 3.493541e-02   pass
27000  27000  4      74.654     175.7898 6.191166e-10 3.019127e-02   pass
30000  30000  1      104.940    171.5442 8.044883e-10 3.171301e-02   pass
35000  35000  1      175.174    163.1853 1.155255e-09 3.353531e-02   pass
40000  40000  1      264.482    161.3336 1.430789e-09 3.182123e-02   pass
45000  45000  1      3136.807   19.3681  1.628164e-09 2.864583e-02   pass

Performance Summary (GFlops)

Size   LDA    Align.  Average  Maximal
1000   1000   4       120.7509 128.3183
2000   2000   4       117.3438 133.9983
5000   5008   4       169.7013 170.5858
10000  10000  4       188.3977 192.3741
15000  15000  4       183.6992 189.7292
18000  18008  4       188.0219 191.8626
20000  20016  4       192.3773 196.0465
22000  22008  4       197.2368 197.7779
25000  25000  4       194.3677 196.6507
26000  26000  4       193.2419 197.8494
27000  27000  4       175.7898 175.7898
30000  30000  1       171.5442 171.5442
35000  35000  1       163.1853 163.1853
40000  40000  1       161.3336 161.3336
45000  45000  1       19.3681  19.3681 

Residual checks PASSED

End of tests

15/03/2020 
17:48
